1.245782555417736603e+03 -6.537372579777170358e+02
1.243086056380036553e+03 -6.524171319910158218e+02
1.240389557342334228e+03 -6.510990612016207706e+02
1.237693058304635542e+03 -6.497845103631065058e+02
1.234996559266934582e+03 -6.484751635257208591e+02
1.232300060229233623e+03 -6.471684107872347340e+02
1.229603561191533572e+03 -6.458690323309957648e+02
1.226907062153832157e+03 -6.445741240713955449e+02
1.224210563116132562e+03 -6.432839917656782518e+02
1.221514064078430692e+03 -6.420029195989665141e+02
1.218817565040729733e+03 -6.407257531600060929e+02
1.216121066003029227e+03 -6.394575660133097017e+02
1.213424566965329632e+03 -6.381965893488819574e+02
1.210728067927628672e+03 -6.369404283535679951e+02
1.208031568889927712e+03 -6.356968370192323619e+02
1.205335069852226297e+03 -6.344578635587913595e+02
1.202638570814526247e+03 -6.332277667276116517e+02
1.199942071776825742e+03 -6.320070171548421740e+02
1.197245572739123872e+03 -6.307908679443993378e+02
1.194549073701423822e+03 -6.295873749315530858e+02
1.191852574663723772e+03 -6.283892507763308686e+02
1.189156075626021902e+03 -6.271982911372040235e+02
1.186459576588320942e+03 -6.260173447777220872e+02
1.183763077550620892e+03 -6.248403927276426657e+02
1.181066578512919932e+03 -6.236730607141610108e+02
1.178370079475219882e+03 -6.225111668518451324e+02
1.175673580437518922e+03 -6.213537438125919152e+02
1.172977081399817507e+03 -6.202048503714494245e+02
1.170280582362116547e+03 -6.190584535135218403e+02
1.167584083324416952e+03 -6.179175488865444095e+02
1.164887584286714628e+03 -6.167804409784283735e+02
1.162191085249015032e+03 -6.156450804396205285e+02
1.159494586211314527e+03 -6.145142077704116446e+02
1.156798087173613567e+03 -6.133837614253644688e+02
1.154101588135912607e+03 -6.122541983456816297e+02
1.151405089098211192e+03 -6.111247856315137597e+02
1.148708590060510232e+03 -6.099947177291775233e+02
1.146012091022810637e+03 -6.088633191336857635e+02
1.143315591985110586e+03 -6.077297382867383249e+02
1.140619092947408717e+03 -6.065939453513329909e+02
1.137922593909708212e+03 -6.054534268731732709e+02
1.135226094872007252e+03 -6.043099823487455069e+02
1.132529595834307202e+03 -6.031607054839987541e+02
1.129833096796606242e+03 -6.020057788275247503e+02
1.127136597758905737e+03 -6.008467332875857210e+02
1.124440098721203867e+03 -5.996774104050674623e+02
1.121743599683503817e+03 -5.985033017432917859e+02
1.119047100645803312e+03 -5.973208023831857645e+02
1.116350601608101897e+03 -5.961288547126479216e+02
1.113654102570402756e+03 -5.949316612741654353e+02
1.110957603532701341e+03 -5.937207888179478914e+02
1.108261104495000836e+03 -5.925032352089848473e+02
1.105564605457298967e+03 -5.912767839820922973e+02
1.102868106419598917e+03 -5.900377977862459602e+02
1.100171607381897047e+03 -5.887928934819583446e+02
1.097475108344197452e+03 -5.875344344535679966e+02
1.094778609306496492e+03 -5.862674789974763598e+02
1.092082110268795532e+03 -5.849928681592201656e+02
1.089385611231095481e+03 -5.837041709701759373e+02
1.086689112193394067e+03 -5.824098374700375871e+02
1.083992613155693107e+03 -5.811041130881184245e+02
1.081296114117993056e+03 -5.797892817962000436e+02
1.078599615080292097e+03 -5.784690397444081782e+02
1.075903116042591137e+03 -5.771351532406345086e+02
1.073206617004890177e+03 -5.757967091063293310e+02
1.070510117967190126e+03 -5.744501322514793173e+02
1.067813618929490076e+03 -5.730952090960587384e+02
1.065117119891788207e+03 -5.717362650506458976e+02
1.062420620854088156e+03 -5.703678506382897240e+02
1.059724121816388106e+03 -5.689940286636800693e+02
1.057027622778687146e+03 -5.676151921531103426e+02
1.054331123740985277e+03 -5.662300189237110999e+02
1.051634624703284771e+03 -5.648423542526147685e+02
1.048938125665584266e+03 -5.634493865262451209e+02
1.046241626627883761e+03 -5.620535813507329976e+02
1.043545127590183256e+03 -5.606554394338045313e+02
1.040848628552481841e+03 -5.592535063539085058e+02
1.038152129514782246e+03 -5.578503688259139608e+02
1.035455630477079922e+03 -5.564449929522508000e+02
1.032759131439379416e+03 -5.550382629940557990e+02
1.030062632401678002e+03 -5.536306719510380390e+02
1.027366133363978406e+03 -5.522219507439318704e+02
1.024669634326276991e+03 -5.508129873096139590e+02
1.021973135288577510e+03 -5.494037306118444803e+02
1.019276636250876322e+03 -5.479948140023710721e+02
1.016580137213175817e+03 -5.465858793734259962e+02
1.013883638175475312e+03 -5.451781179396432435e+02
1.011187139137773215e+03 -5.437710547007940249e+02
1.008490640100073165e+03 -5.423647731558907026e+02
1.005794141062372205e+03 -5.409607814081890638e+02
1.003097642024672155e+03 -5.395574579140152309e+02
1.000401142986971195e+03 -5.381567973014546169e+02
9.977046439492704621e+02 -5.367581989803736633e+02
9.950081449115695023e+02 -5.353609233102883991e+02
9.923116458738687697e+02 -5.339682192490234911e+02
9.896151468361682646e+02 -5.325768430746218201e+02
9.869186477984679868e+02 -5.311891663963856445e+02
9.842221487607661174e+02 -5.298053187963701021e+02
9.815256497230653849e+02 -5.284229484166085058e+02
9.788291506853655619e+02 -5.270468508386651365e+02
9.761326516476634652e+02 -5.256729130418300429e+02
9.734361526099631874e+02 -5.243032465637016912e+02
9.707396535722631370e+02 -5.229394705195620645e+02
9.680431545345617224e+02 -5.215778818401868193e+02
9.653466554968614446e+02 -5.202241080579261734e+02
9.626501564591609394e+02 -5.188740048920698200e+02
9.599536574214604343e+02 -5.175281741379938012e+02
9.572571583837592470e+02 -5.161903632125998911e+02
9.545606593460594240e+02 -5.148552372996208533e+02
9.518641603083570999e+02 -5.135280492146857796e+02
9.491676612706575042e+02 -5.122061048337217244e+02
9.464711622329554075e+02 -5.108879438197964191e+02
9.437746631952569487e+02 -5.095796469815310274e+02
9.410781641575541698e+02 -5.082743112525888591e+02
9.383816651198545742e+02 -5.069763711795563950e+02
9.356851660821527048e+02 -5.056850137011590505e+02
9.329886670444528818e+02 -5.043966571094873643e+02
9.302921680067528314e+02 -5.031191885284471255e+02
9.275956689690511894e+02 -5.018447934684731990e+02
9.248991699313509116e+02 -5.005766869003434749e+02
9.222026708936497243e+02 -4.993160331344678298e+02
9.195061718559494466e+02 -4.980582602897228526e+02
9.168096728182484867e+02 -4.968098029502477289e+02
9.141131737805475268e+02 -4.955651353487335200e+02
9.114166747428467943e+02 -4.943252825006957210e+02
9.087201757051467439e+02 -4.930923433700581882e+02
9.060236766674453293e+02 -4.918616717597756178e+02
9.033271776297455062e+02 -4.906383038707604669e+02
9.006306785920440916e+02 -4.894189213496100024e+02
8.979341795543440412e+02 -4.882027204856537992e+02
8.952376805166423992e+02 -4.869936551343995461e+02
8.925411814789423488e+02 -4.857864026988493151e+02
8.898446824412407068e+02 -4.845842522446501448e+02
8.871481834035411111e+02 -4.833857574098753958e+02
8.844516843658401513e+02 -4.821889192284719456e+02
8.817551853281394187e+02 -4.809980267546161485e+02
8.790586862904377767e+02 -4.798081621504937857e+02
8.763621872527384085e+02 -4.786213142297250442e+02
8.736656882150367665e+02 -4.774372976487138658e+02
8.709691891773358066e+02 -4.762540061064690349e+02
8.682726901396353014e+02 -4.750742549299893653e+02
8.655761911019343415e+02 -4.738950457054615981e+02
8.628796920642340638e+02 -4.727170729451809734e+02
8.601831930265344681e+02 -4.715407286888413978e+02
8.574866939888323714e+02 -4.703643023711194928e+02
8.547901949511320936e+02 -4.691891984804533990e+02
8.520936959134313611e+02 -4.680139754895200781e+02
8.493971968757310833e+02 -4.668386287650847635e+02
8.467006978380287592e+02 -4.656635195981425568e+02
8.440041988003291635e+02 -4.644866229608644517e+02
8.413076997626284310e+02 -4.633093704783713065e+02
8.386112007249270164e+02 -4.621312635412916734e+02
8.359147016872274207e+02 -4.609521976794629836e+02
8.332182026495253240e+02 -4.597721314597158653e+02
8.305217036118261831e+02 -4.585908236326883980e+02
8.278252045741249958e+02 -4.574082595858319564e+02
8.251287055364233538e+02 -4.562243012906969852e+02
8.224322064987237582e+02 -4.550390384797285606e+02
8.197357074610227983e+02 -4.538522323585877984e+02
8.170392084233216110e+02 -4.526641359471468604e+02
8.143427093856204237e+02 -4.514746952835126876e+02
8.116462103479203734e+02 -4.502840300162521316e+02
8.089497113102207777e+02 -4.490922261397565762e+02
8.062532122725191357e+02 -4.478996012951724310e+02
8.035567132348170389e+02 -4.467062494761405560e+02
8.008602141971169885e+02 -4.455122822346936005e+02
7.981637151594162560e+02 -4.443185221931693718e+02
7.954672161217159783e+02 -4.431244128705707794e+02
7.927707170840143363e+02 -4.419313312992419469e+02
7.900742180463142859e+02 -4.407390398932160451e+02
7.873777190086135533e+02 -4.395474119602877749e+02
7.846812199709132756e+02 -4.383582178605716422e+02
7.819847209332120883e+02 -4.371699926189087364e+02
7.792882218955120379e+02 -4.359852855301954833e+02
7.765917228578097138e+02 -4.348037665382667001e+02
7.738952238201092086e+02 -4.336242104798792525e+02
7.711987247824089309e+02 -4.324515238682502059e+02
7.685022257447091079e+02 -4.312812379139089103e+02
7.658057267070079206e+02 -4.301166419586301686e+02
7.631092276693062786e+02 -4.289581048053129280e+02
7.604127286316053187e+02 -4.278024723906332270e+02
7.577162295939052683e+02 -4.266574329446449951e+02
7.550197305562043084e+02 -4.255161952778273076e+02
7.523232315185040306e+02 -4.243820337216255325e+02
7.496267324808028434e+02 -4.232568087378064661e+02
7.469302334431023382e+02 -4.221355923017554233e+02
7.442337344054018331e+02 -4.210266817672371644e+02
7.415372353677004185e+02 -4.199234951401355147e+02
7.388407363299996859e+02 -4.188279465283471268e+02
7.361442372922987261e+02 -4.177441118493574095e+02
7.334477382546007220e+02 -4.166651295933249344e+02
7.307512392168977158e+02 -4.155987877344092567e+02
7.280547401791976654e+02 -4.145396798828127771e+02
7.253582411414969329e+02 -4.134881710105053685e+02
7.226617421037962004e+02 -4.124512053005689722e+02
7.199652430660959226e+02 -4.114197448889137263e+02
7.172687440283942806e+02 -4.104023282977492499e+02
7.145722449906930933e+02 -4.093951156051822977e+02
7.118757459529919061e+02 -4.083954816196514912e+02
7.091792469152927652e+02 -4.074141453111186593e+02
7.064827478775913505e+02 -4.064393187356865838e+02
7.037862488398922096e+02 -4.054794714198358179e+02
7.010897498021912497e+02 -4.045328756607972878e+02
6.983932507644889256e+02 -4.035936783351622239e+02
6.956967517267888752e+02 -4.026768124596114831e+02
6.930002526890872332e+02 -4.017673529816606219e+02
6.903037536513860459e+02 -4.008731568657730691e+02
6.876072546136866777e+02 -3.999948406150997471e+02
6.849107555759852630e+02 -3.991240960381597915e+02
6.822142565382854400e+02 -3.982762018702253499e+02
6.795177575005844801e+02 -3.974354417551567167e+02
6.768212584628830655e+02 -3.966061864103847938e+02
6.741247594251825603e+02 -3.957928364139553992e+02
6.714282603874811457e+02 -3.949861993152970854e+02
6.687317613497822322e+02 -3.941977923517488307e+02
6.660352623120808175e+02 -3.934167305578001788e+02
6.633387632743812219e+02 -3.926451432634472098e+02
6.606422642366791251e+02 -3.918853052424612429e+02
6.579457651989786200e+02 -3.911296078895040864e+02
6.552492661612781149e+02 -3.903834778213577579e+02
6.525527671235764728e+02 -3.896405300329256534e+02
6.498562680858757403e+02 -3.889008679218071052e+02
6.471597690481756899e+02 -3.881630653701295159e+02
6.444632700104742753e+02 -3.874247275069126317e+02
6.417667709727742249e+02 -3.866839488699471872e+02
6.390702719350734924e+02 -3.859381815545865493e+02
6.363737728973727599e+02 -3.851885256775900643e+02
6.336772738596711179e+02 -3.844254090271214750e+02
6.309807748219701580e+02 -3.836546646026249618e+02
6.282842757842703350e+02 -3.828635620502759025e+02
6.255877767465696024e+02 -3.820557264062724698e+02
6.228912777088688699e+02 -3.812372517320600878e+02
6.201947786711683648e+02 -3.803862401662266279e+02
6.174982796334671775e+02 -3.795217801392476531e+02
6.148017805957668998e+02 -3.786296568162993026e+02
6.121052815580652577e+02 -3.777074234017781578e+02
6.094087825203654347e+02 -3.767696232956533322e+02
6.067122834826642475e+02 -3.757800881061601785e+02
6.040157844449635149e+02 -3.747709156180250147e+02
6.013192854072634645e+02 -3.737251657197870145e+02
5.986227863695625047e+02 -3.726359276611054270e+02
5.959262873318613174e+02 -3.715256568081475734e+02
5.932297882941614944e+02 -3.703520890085765132e+02
5.905332892564609892e+02 -3.691510554772537489e+02
5.878367902187600293e+02 -3.679082632573638421e+02
5.851402911810586147e+02 -3.666101978343930909e+02
5.824437921433583369e+02 -3.652813605552647118e+02
5.797472931056582865e+02 -3.638817191739432815e+02
5.770507940679582362e+02 -3.624475503120716553e+02
5.743542950302554573e+02 -3.609699613322761707e+02
5.716577959925558616e+02 -3.594279854914346970e+02
5.689612969548546744e+02 -3.578587370627071778e+02
5.662647979171534871e+02 -3.562183032472080413e+02
5.635682988794522998e+02 -3.545379201065373991e+02
5.608717998417517947e+02 -3.528154844995345343e+02
5.581753008040510622e+02 -3.510228013271889154e+02
5.554788017663516939e+02 -3.492021733549796636e+02
5.527823027286495972e+02 -3.473125688015683181e+02
5.500858036909486373e+02 -3.453793855053676225e+02
5.473893046532481321e+02 -3.434074951288769739e+02
5.446928056155476270e+02 -3.413624945021589383e+02
5.419963065778453029e+02 -3.392900547191401301e+02
5.392998075401457072e+02 -3.371513057919308949e+02
5.366033085024458842e+02 -3.349613992987188453e+02
5.339068094647442422e+02 -3.327371351456379784e+02
5.312103104270439644e+02 -3.304393843527128070e+02
5.285138113893434593e+02 -3.281154945865398531e+02
5.258173123516422720e+02 -3.257332723675002057e+02
5.231208133139419942e+02 -3.233050177922463035e+02
5.204243142762421712e+02 -3.208471596591604111e+02
5.177278152385400745e+02 -3.183173564291133175e+02
5.150313162008393419e+02 -3.157632457802030217e+02
5.123348171631386094e+02 -3.131573062055094283e+02
5.096383181254383317e+02 -3.105061203671274370e+02
5.069418190877382813e+02 -3.078300990190389257e+02
5.042453200500366393e+02 -3.050853434788163554e+02
5.015488210123368162e+02 -3.023186135769994394e+02
4.988523219746354016e+02 -2.995069201723082415e+02
4.961558229369344417e+02 -2.966495973653463238e+02
4.934593238992348461e+02 -2.937666205159467836e+02
4.907628248615332041e+02 -2.908221419465934332e+02
4.880663258238331537e+02 -2.878580775482900549e+02
4.853698267861317390e+02 -2.848568047125773433e+02
4.826733277484307791e+02 -2.818171007984905714e+02
4.799768287107300466e+02 -2.787602041214328779e+02
4.772803296730295415e+02 -2.756533833160268614e+02
4.745838306353292637e+02 -2.725297878574622246e+02
4.718873315976280765e+02 -2.693778383303967416e+02
4.691908325599271166e+02 -2.661949089742436172e+02
4.664943335222270662e+02 -2.629996388462275831e+02
4.637978344845256515e+02 -2.597685670680157273e+02
4.611013354468253738e+02 -2.565258236759560191e+02
4.584048364091239591e+02 -2.532650517832833827e+02
4.557083373714239087e+02 -2.499841149439189678e+02
4.530118383337224941e+02 -2.466910482882190934e+02
4.503153392960226711e+02 -2.433790503449187099e+02
4.476188402583203469e+02 -2.400630886729948941e+02
4.449223412206209787e+02 -2.367408331814868063e+02
4.422258421829200188e+02 -2.334131835756282953e+02
4.395293431452190589e+02 -2.300868639215024984e+02
4.368328441075185538e+02 -2.267599232272785628e+02
4.341363450698180486e+02 -2.234383739288354889e+02
4.314398460321161792e+02 -2.201223355195810996e+02
4.287433469944168110e+02 -2.168175012427044237e+02
4.260468479567158511e+02 -2.135215630738204879e+02
4.233503489190148912e+02 -2.102433816241533293e+02
4.206538498813150682e+02 -2.069808511721784896e+02
4.179573508436143356e+02 -2.037348424199611827e+02
4.152608518059131484e+02 -2.005162263665653199e+02
4.125643527682117337e+02 -1.973102765502160310e+02
4.098678537305116834e+02 -1.941391535272133808e+02
4.071713546928104961e+02 -1.909940385936133396e+02
4.044748556551106731e+02 -1.878750528630652070e+02
4.017783566174092584e+02 -1.848009781110050369e+02
3.990818575797082985e+02 -1.817491781575254777e+02
3.963853585420080208e+02 -1.787463732412582829e+02
3.936888595043068335e+02 -1.757786482569048019e+02
3.909923604666070105e+02 -1.728443103358580686e+02
3.882958614289051411e+02 -1.699690030791257698e+02
3.855993623912044086e+02 -1.671206317492011806e+02
3.829028633535041308e+02 -1.643322968483214765e+02
3.802063643158031709e+02 -1.615865332001525587e+02
3.775098652781024384e+02 -1.588792892000041093e+02
3.748133662404035249e+02 -1.562399280731459044e+02
3.721168672027009734e+02 -1.536306743819918097e+02
3.694203681650002409e+02 -1.510894207602108850e+02
3.667238691272990536e+02 -1.485964058598281952e+02
3.640273700895983211e+02 -1.461451914957078202e+02
3.613308710518975886e+02 -1.437721397312143665e+02
3.586343720141954918e+02 -1.414311062319165160e+02
3.559378729764981699e+02 -1.391621476034413547e+02
3.532413739387963005e+02 -1.369442039264504842e+02
3.505448749010948859e+02 -1.347689231418808049e+02
3.478483758633941534e+02 -1.326747647681828539e+02
3.451518768256931935e+02 -1.306124543712751063e+02
3.424553777879922336e+02 -1.286219714442124200e+02
3.397588787502924106e+02 -1.266818666468124377e+02
3.370623797125914507e+02 -1.247814184345271258e+02
3.343658806748904908e+02 -1.229593111479714764e+02
3.316693816371902130e+02 -1.211668793745254504e+02
3.289728825994878889e+02 -1.194411112653640714e+02
3.262763835617882933e+02 -1.177612147804446465e+02
3.235798845240877881e+02 -1.161180940457114588e+02
3.208833854863872830e+02 -1.145438880377741953e+02
3.181868864486874600e+02 -1.129948520971960306e+02
3.154903874109862727e+02 -1.115020787783127929e+02
3.127938883732850854e+02 -1.100466732289309846e+02
3.100973893355836708e+02 -1.086210472254490469e+02
3.074008902978836204e+02 -1.072492071599710073e+02
3.047043912601831153e+02 -1.058962727900824916e+02
3.020078922224823827e+02 -1.045846629126980503e+02
2.993113931847811955e+02 -1.032987468928015602e+02
2.966148941470800082e+02 -1.020337742379293786e+02
2.939183951093790483e+02 -1.008039670513542632e+02
2.912218960716783158e+02 -9.958593132199872855e+01
2.885253970339778107e+02 -9.839315893249856515e+01
2.858288979962784424e+02 -9.721446141307760058e+01
2.831323989585783920e+02 -9.604723506552456058e+01
2.804358999208756131e+02 -9.489625320337530923e+01
2.777394008831746532e+02 -9.375017318233869901e+01
2.750429018454748302e+02 -9.261344222912055102e+01
2.723464028077736430e+02 -9.148002835083099171e+01
2.696499037700738199e+02 -9.034945762913187650e+01
2.669534047323712684e+02 -8.921892820339257923e+01
2.642569056946716728e+02 -8.808732403691242041e+01
2.615604066569704855e+02 -8.695222877617899826e+01
2.588639076192706625e+02 -8.581270718967897437e+01
2.561674085815694752e+02 -8.466949803787720441e+01
2.534709095438685154e+02 -8.351592857200596143e+01
2.507744105061680102e+02 -8.235830810155763970e+01
2.480779114684677324e+02 -8.118910233282969102e+01
2.453814124307658631e+02 -8.001156874838449085e+01
2.426849133930653579e+02 -7.882668204492922825e+01
2.399884143553659896e+02 -7.762695727972661075e+01
2.372919153176643476e+02 -7.642201706693319352e+01
2.345954162799633878e+02 -7.520276429533464579e+01
2.318989172422628826e+02 -7.397474928977332809e+01
2.292024182045630596e+02 -7.273856768461590150e+01
2.265059191668611902e+02 -7.148881253761905441e+01
2.238094201291611398e+02 -7.023475946108098356e+01
2.211129210914600662e+02 -6.896872122324100474e+01
2.184164220537589927e+02 -6.769707738627677429e+01
2.157199230160572370e+02 -6.641981341957722407e+01
2.130234239783575276e+02 -6.513459539400452059e+01
2.103269249406573635e+02 -6.384756772612316666e+01
2.076304259029571995e+02 -6.255486773121418054e+01
2.049339268652560122e+02 -6.126120135871202166e+01
2.022374278275539154e+02 -5.996640406999555495e+01
1.995409287898543198e+02 -5.867170405241795805e+01
1.968444297521547242e+02 -5.737802950099446520e+01
1.941479307144538780e+02 -5.608747184297259736e+01
1.914514316767526907e+02 -5.480106555799505230e+01
1.887549326390502529e+02 -5.351930655854471297e+01
1.860584336013505435e+02 -5.224614880723945731e+01
1.833619345636500384e+02 -5.097811050890523887e+01
1.806654355259495333e+02 -4.972270321330255172e+01
1.779689364882480049e+02 -4.847584922424700693e+01
1.752724374505471587e+02 -4.723962101516480772e+01
1.725759384128479041e+02 -4.601910387795913238e+01
1.698794393751461484e+02 -4.480671687234794831e+01
1.671829403374453022e+02 -4.361541605918423414e+01
1.644864412997435466e+02 -4.243493328942935250e+01
1.617899422620439509e+02 -4.127004408758993748e+01
1.590934432243431047e+02 -4.012537814461584418e+01
1.563969441866413490e+02 -3.899082913919700388e+01
1.537004451489416397e+02 -3.788341005499104597e+01
1.510039461112405661e+02 -3.678827734883277145e+01
1.483074470735408568e+02 -3.571230104052400378e+01
1.456109480358410337e+02 -3.465805835459116935e+01
1.429144489981388233e+02 -3.361468884670370016e+01
1.402179499604374087e+02 -3.260144998339910671e+01
1.375214509227363351e+02 -3.159972335094158069e+01
1.348249518850379900e+02 -3.061863834199007783e+01
1.321284528473361206e+02 -2.965755898264487911e+01
1.294319538096350470e+02 -2.870732101825382898e+01
1.267354547719356788e+02 -2.778669296374854980e+01
1.240389557342339231e+02 -2.687616687735424392e+01
1.213424566965321674e+02 -2.598617421500343028e+01
1.186459576588324580e+02 -2.511440117195149213e+01
1.159494586211320666e+02 -2.425359712626418940e+01
1.132529595834296288e+02 -2.341900302916750576e+01
1.105564605457296921e+02 -2.259332353416731820e+01
1.078599615080299827e+02 -2.178717869835971044e+01
1.051634624703282270e+02 -2.099631989210128324e+01
1.024669634326286314e+02 -2.021598554863158625e+01
9.977046439492744412e+01 -1.945735610650086045e+01
9.707396535722568842e+01 -1.870653418736732476e+01
9.437746631952575171e+01 -1.797416920559940934e+01
9.168096728182581501e+01 -1.725448948785479786e+01
8.898446824412349088e+01 -1.654525097305241133e+01
8.628796920642423629e+01 -1.585542419933010017e+01
8.359147016872293534e+01 -1.517256539144742611e+01
8.089497113102095227e+01 -1.450744897358253560e+01
7.819847209332226612e+01 -1.385295878972100247e+01
7.550197305562085148e+01 -1.320897644371852131e+01
7.280547401792000528e+01 -1.258201622647564655e+01
7.010897498021938645e+01 -1.196094590600887564e+01
6.741247594251854025e+01 -1.135716423230000593e+01
6.471597690481712561e+01 -1.076250805149714118e+01
6.201947786711673416e+01 -1.017881930573880034e+01
5.932297882941600164e+01 -9.610428185337605456e+00
5.662647979171481438e+01 -9.048353643652925271e+00
5.392998075401578717e+01 -8.504167848301987576e+00
5.123348171631369041e+01 -7.967929190156668895e+00
4.853698267861386739e+01 -7.443374276528304634e+00
4.584048364091336225e+01 -6.932788723338601855e+00
4.314398460321206130e+01 -6.428533391065903047e+00
4.044748556551132879e+01 -5.942580113494130956e+00
3.775098652780980046e+01 -5.463273501540976795e+00
3.505448749010963638e+01 -4.996666308815596480e+00
3.235798845240947230e+01 -4.543034444951606687e+00
2.966148941470748923e+01 -4.096290638603397483e+00
2.696499037700834833e+01 -3.668396304515599837e+00
2.426849133930772950e+01 -3.247071108032546505e+00
2.157199230160597381e+01 -2.839582388436665994e+00
1.887549326390535498e+01 -2.444133755083239379e+00
1.617899422620428140e+01 -2.056816053122757282e+00
1.348249518850434470e+01 -1.687313349332628221e+00
1.078599615080406693e+01 -1.324417490304199418e+00
8.089497113102083858e+00 -9.762827348564737662e-01
5.392998075402374525e+00 -6.391473111436809518e-01
2.696499037700277768e+00 -3.113238859844305040e-01
0.000000000000000000e+00 0.000000000000000000e+00
